<?xml version="1.0"?>
<opencv_storage>
<calibration_time>"Tue Sep 24 22:29:26 2013"</calibration_time>
<nframes>10</nframes>
<image_width>640</image_width>
<image_height>480</image_height>
<board_width>4</board_width>
<board_height>5</board_height>
<square_size>3.7999998778104782e-02</square_size>
<flags>0</flags>
<camera_matrix type_id="opencv-matrix">
  <rows>3</rows>
  <cols>3</cols>
  <dt>d</dt>
  <data>
    7.9429686116339110e+02 0. 3.6669837644313571e+02 0.
    7.8922572815779120e+02 2.5008869874461786e+02 0. 0. 1.</data></camera_matrix>
<distortion_coefficients type_id="opencv-matrix">
  <rows>5</rows>
  <cols>1</cols>
  <dt>d</dt>
  <data>
    4.0901463123043401e-02 -1.1930313955860583e+00
    -3.7575528145762263e-03 1.8514071861926999e-02
    6.7833817405292631e+00</data></distortion_coefficients>
<avg_reprojection_error>4.3419518883926661e-01</avg_reprojection_error>
<per_view_reprojection_errors type_id="opencv-matrix">
  <rows>10</rows>
  <cols>1</cols>
  <dt>f</dt>
  <data>
    1.22953020e-01 1.65119812e-01 2.85520136e-01 2.04832494e-01
    3.12083572e-01 3.38012010e-01 5.19923449e-01 4.91529822e-01
    7.97227561e-01 6.00210369e-01</data></per_view_reprojection_errors>
<!-- a set of 6-tuples (rotation vector + translation vector) for each view -->
<extrinsic_parameters type_id="opencv-matrix">
  <rows>10</rows>
  <cols>6</cols>
  <dt>d</dt>
  <data>
    -1.5682551839968620e-01 5.0530259532075163e-02
    -2.9306471714184542e-02 -1.0569079150835402e-01
    -5.3886819984695529e-02 6.4853260474206575e-01
    -5.0572178834119252e-01 5.5568012860573245e-02
    1.8888690811374752e-02 -8.5497441859175072e-02
    -3.5577854806542297e-02 6.9509665948400789e-01
    -2.3189057931774668e-01 6.7073460455969203e-01
    -3.5643558975355726e-02 -8.3678883534709647e-02
    -9.7794800463699746e-02 6.4336755649157962e-01
    -8.3687021032695375e-02 -4.6721570532161621e-01
    -4.5430041973768390e-02 -1.2820540365043573e-01
    -9.6667057270203735e-02 5.5412534602323038e-01
    4.5406264071007346e-01 -1.8987134159657945e-01
    1.1614607761092473e-02 -1.1002379847194320e-01
    -9.5781530548209759e-02 4.2505988702327768e-01
    2.0560781775473769e-02 6.2057539237297399e-01
    -1.6852645915956959e-02 -4.2345106215706807e-02
    -8.2396558554488172e-02 4.9730680328323462e-01
    -8.6026462627639455e-01 5.7147297607143099e-01
    2.6709853195280664e-01 9.9844346961814098e-03
    -2.4745667336035417e-02 6.7623546943955959e-01
    -3.5847775676969940e-01 -7.1893099779911296e-01
    2.0843786569869616e-02 -1.1952021737763652e-01
    -6.8278134680891167e-02 5.9070586549268067e-01
    -1.0011695792833605e-01 -7.5993419793005368e-01
    -1.0964053928940226e-01 -1.5295725927156967e-01
    -1.0565703519897196e-01 5.4586575318662489e-01
    1.6419596406727771e-01 -5.5522450507958510e-01
    -1.1894788595523818e-01 -1.4149316346574797e-01
    -8.9061698323880334e-02 5.7026547556809004e-01</data></extrinsic_parameters>
<image_points type_id="opencv-matrix">
  <rows>10</rows>
  <cols>20</cols>
  <dt>"2f"</dt>
  <data>
    2.38400375e+02 1.84759216e+02 2.83807343e+02 1.82802490e+02
    3.30205444e+02 1.80961029e+02 3.76790802e+02 1.79283920e+02
    2.38367157e+02 2.30078781e+02 2.84426544e+02 2.28481232e+02
    3.30948090e+02 2.26840363e+02 3.78118866e+02 2.24994995e+02
    2.38447144e+02 2.76063324e+02 2.84883057e+02 2.74790771e+02
    3.31852020e+02 2.73390320e+02 3.79359344e+02 2.71731750e+02
    2.38562088e+02 3.23001221e+02 2.85510620e+02 3.21747040e+02
    3.32790680e+02 3.20638947e+02 3.80726227e+02 3.19408417e+02
    2.38624939e+02 3.70599609e+02 2.86127167e+02 3.69673523e+02
    3.33799988e+02 3.68696960e+02 3.82265167e+02 3.67706909e+02
    2.69545990e+02 2.09941238e+02 3.12260986e+02 2.09597351e+02
    3.55614624e+02 2.09622589e+02 3.99522614e+02 2.09811661e+02
    2.65520721e+02 2.47328262e+02 3.09473572e+02 2.47587006e+02
    3.53965393e+02 2.47916290e+02 3.98896423e+02 2.47770493e+02
    2.61478821e+02 2.86796783e+02 3.06534332e+02 2.87626801e+02
    3.52224823e+02 2.87812897e+02 3.98434418e+02 2.88061340e+02
    2.57268250e+02 3.28726135e+02 3.03469391e+02 3.29422882e+02
    3.50403198e+02 3.30146210e+02 3.97932983e+02 3.30736908e+02
    2.52564102e+02 3.72509216e+02 3.00185577e+02 3.73640717e+02
    3.48421509e+02 3.74767029e+02 3.97295990e+02 3.75609619e+02
    2.64389130e+02 1.30418625e+02 2.97883759e+02 1.20354240e+02
    3.34858887e+02 1.09820099e+02 3.75151428e+02 9.84047699e+01
    2.60526672e+02 1.74606857e+02 2.95345673e+02 1.66532394e+02
    3.32616669e+02 1.57704285e+02 3.72575806e+02 1.47821365e+02
    2.57235535e+02 2.20163147e+02 2.92394775e+02 2.13847061e+02
    3.29860321e+02 2.06706223e+02 3.70098297e+02 1.98811722e+02
    2.53916626e+02 2.66877686e+02 2.89101349e+02 2.62279846e+02
    3.26719574e+02 2.57105560e+02 3.67924011e+02 2.51439163e+02
    2.50041534e+02 3.14608276e+02 2.85549316e+02 3.11852448e+02
    3.24022522e+02 3.08893677e+02 3.65407349e+02 3.05507294e+02
    1.85518417e+02 1.13446800e+02 2.37123291e+02 1.15675362e+02
    2.85786011e+02 1.18089485e+02 3.31990509e+02 1.20340317e+02
    1.88133591e+02 1.66375977e+02 2.39465927e+02 1.67431198e+02
    2.88340057e+02 1.68510483e+02 3.35208160e+02 1.69228882e+02
    1.90545624e+02 2.19855026e+02 2.42107254e+02 2.19636368e+02
    2.91307404e+02 2.19276581e+02 3.38275848e+02 2.18658188e+02
    1.93124374e+02 2.74090576e+02 2.44837830e+02 2.72138611e+02
    2.94375732e+02 2.70402588e+02 3.41085754e+02 2.68619446e+02
    1.95569489e+02 3.28495911e+02 2.47606415e+02 3.25166779e+02
    2.96948700e+02 3.21922516e+02 3.44233093e+02 3.18959808e+02
    1.64785538e+02 7.33391266e+01 2.34585953e+02 7.37306366e+01
    3.03481232e+02 7.38303986e+01 3.70695862e+02 7.39538727e+01
    1.68438293e+02 1.40640076e+02 2.35735931e+02 1.39681961e+02
    3.01950958e+02 1.39227615e+02 3.67061829e+02 1.39020599e+02
    1.71810638e+02 2.03213181e+02 2.36852203e+02 2.01580734e+02
    3.00599915e+02 1.99864899e+02 3.63563995e+02 1.99336502e+02
    1.75179413e+02 2.61482483e+02 2.38103027e+02 2.59249878e+02
    2.99731171e+02 2.57272552e+02 3.60239471e+02 2.54891586e+02
    1.78196457e+02 3.14811707e+02 2.39013809e+02 3.12128510e+02
    2.98546326e+02 3.09666412e+02 3.57223511e+02 3.07576447e+02
    3.00357697e+02 1.19544334e+02 3.47680450e+02 1.12490768e+02
    4.01544495e+02 1.04708565e+02 4.61150787e+02 9.62066498e+01
    3.00654724e+02 1.79780655e+02 3.49165314e+02 1.75637115e+02
    4.02719025e+02 1.71347260e+02 4.61842194e+02 1.66248840e+02
    3.01763428e+02 2.39894531e+02 3.50443695e+02 2.38809738e+02
    4.03647278e+02 2.37602798e+02 4.62707611e+02 2.36251740e+02
    3.03262634e+02 2.99926605e+02 3.51568390e+02 3.01724884e+02
    4.04743225e+02 3.03748047e+02 4.64480042e+02 3.05849518e+02
    3.05484344e+02 3.59502869e+02 3.54132355e+02 3.64081970e+02
    4.07390625e+02 3.69375641e+02 4.66263947e+02 3.75279419e+02
    3.78268799e+02 2.20702881e+02 4.16437866e+02 2.19234131e+02
    4.57974762e+02 2.18234146e+02 5.02748383e+02 2.17492691e+02
    3.58145996e+02 2.48949448e+02 3.97515167e+02 2.49096970e+02
    4.39765137e+02 2.49515411e+02 4.84977203e+02 2.48342621e+02
    3.36928223e+02 2.79543518e+02 3.76868896e+02 2.81185883e+02
    4.19425323e+02 2.81150146e+02 4.65636719e+02 2.81851105e+02
    3.14178284e+02 3.12486908e+02 3.54062683e+02 3.14009125e+02
    3.97623108e+02 3.15815521e+02 4.45233948e+02 3.18799561e+02
    2.88649261e+02 3.46087463e+02 3.29549225e+02 3.49907562e+02
    3.74379639e+02 3.54400360e+02 4.22967010e+02 3.58800354e+02
    2.08374252e+02 1.59509613e+02 2.50642960e+02 1.69412979e+02
    2.90843414e+02 1.79239120e+02 3.26474670e+02 1.88274551e+02
    2.09430878e+02 2.05574020e+02 2.53201797e+02 2.14563065e+02
    2.92454193e+02 2.22725922e+02 3.30824371e+02 2.29728134e+02
    2.11509155e+02 2.54158737e+02 2.54874207e+02 2.61440796e+02
    2.97034607e+02 2.67547668e+02 3.34712006e+02 2.73399384e+02
    2.13186707e+02 3.05014191e+02 2.59053528e+02 3.09885773e+02
