<?xml version="1.0"?>
<opencv_storage>
<calibration_time>"Wed 11 Jan 2012 01:39:39 PM CET"</calibration_time>
<nframes>10</nframes>
<image_width>640</image_width>
<image_height>480</image_height>
<board_width>8</board_width>
<board_height>6</board_height>
<square_size>2.4999999441206455e-03</square_size>
<flags>0</flags>
<camera_matrix type_id="opencv-matrix">
  <rows>3</rows>
  <cols>3</cols>
  <dt>d</dt>
  <data>
    8.0543713744198544e+02 0. 3.5143764049792765e+02 0.
    8.0350424611169683e+02 2.5690556943342028e+02 0. 0. 1.</data></camera_matrix>
<distortion_coefficients type_id="opencv-matrix">
  <rows>5</rows>
  <cols>1</cols>
  <dt>d</dt>
  <data>
    4.5826959419652077e-02 3.9971165787860236e-01
    -2.2010586939540857e-03 6.3119193559725865e-03
    -2.0200024644834604e+00</data></distortion_coefficients>
<avg_reprojection_error>4.2657108699504237e-01</avg_reprojection_error>
<per_view_reprojection_errors type_id="opencv-matrix">
  <rows>10</rows>
  <cols>1</cols>
  <dt>f</dt>
  <data>
    6.27532005e-01 2.93654412e-01 3.54543358e-01 4.04340178e-01
    4.17002499e-01 3.47609311e-01 4.30180490e-01 5.07384300e-01
    2.45041996e-01 5.03134847e-01</data></per_view_reprojection_errors>
<!-- a set of 6-tuples (rotation vector + translation vector) for each view -->
<extrinsic_parameters type_id="opencv-matrix">
  <rows>10</rows>
  <cols>6</cols>
  <dt>d</dt>
  <data>
    -5.0718827131868804e-01 -1.2609456379859002e-01
    3.6960684824049414e-03 -9.7563681971880468e-03
    -7.6384219703497513e-03 3.5035531272945682e-02
    -4.8689426640078898e-01 -1.5686154442877250e-02
    -1.2639676006574974e-02 -9.7437352197279319e-03
    -7.1961482695249686e-04 6.2024106542439741e-02
    -4.7262515044079462e-01 3.5492005695179502e-01
    -9.3316925367670334e-02 -3.6925805622693001e-03
    -1.7816545686741808e-03 5.8827399430529871e-02
    -4.5171284064978273e-01 -5.6197983336517465e-01
    7.8878943427040313e-02 -1.2263511424350705e-02
    -2.4346143526488505e-03 5.2862112271517291e-02
    -5.4477991418673777e-01 -5.7360330205945975e-01
    8.2277784252710540e-02 -1.1582219622249527e-02
    -4.0915010403488964e-04 5.2731508430519783e-02
    -4.0870580747510654e-01 -2.0822817938569674e-01
    3.8611572081165980e-02 -7.9534719998471566e-03
    -3.6847496431712846e-03 4.3603977798026029e-02
    -1.4088805733566184e-01 5.0093821611476419e-01
    -1.4083686193314818e-01 -3.9262879897640950e-03
    -3.5881996473064561e-03 4.7261841849383680e-02
    -1.5251959158303482e-01 -6.9965866065557591e-01
    2.5745334322810720e-01 -1.0951730241548472e-02
    -7.7091264988389096e-03 3.7126827076450007e-02
    1.5928681771537040e-01 -8.3026657488707731e-02
    2.3312395818092531e-02 -9.3064970401432346e-03
    -8.3432496327213602e-03 3.8656656928453693e-02
    5.5046887205827311e-01 -3.6626711968194697e-02
    1.4385578876768225e-02 -9.8155485790289935e-03
    -6.3290344916471942e-03 3.7569659422414088e-02</data></extrinsic_parameters>
<image_points type_id="opencv-matrix">
  <rows>10</rows>
  <cols>48</cols>
  <dt>"2f"</dt>
  <data>
    1.26776222e+02 8.04697952e+01 1.85565079e+02 8.35868454e+01
    2.43215546e+02 8.72837372e+01 2.99789795e+02 9.02132645e+01
    3.55541046e+02 9.30779953e+01 4.10425812e+02 9.66640701e+01
    4.64240173e+02 1.00353455e+02 5.17581970e+02 1.03595764e+02
    1.20469780e+02 1.26539062e+02 1.81391144e+02 1.30499420e+02
    2.40987213e+02 1.33901123e+02 2.99452667e+02 1.37248184e+02
    3.56828613e+02 1.39779663e+02 4.13636230e+02 1.42262024e+02
    4.69598053e+02 1.45027802e+02 5.25079041e+02 1.47860046e+02
    1.13706039e+02 1.76481308e+02 1.76971130e+02 1.79511642e+02
    2.38647583e+02 1.82512390e+02 2.99167389e+02 1.85357864e+02
    3.58536774e+02 1.88191589e+02 4.17393372e+02 1.90519577e+02
    4.75190277e+02 1.92905365e+02 5.32597656e+02 1.95168152e+02
    1.06381401e+02 2.29355209e+02 1.72104767e+02 2.31827301e+02
    2.36173843e+02 2.33706039e+02 2.98834412e+02 2.36954575e+02
    3.60460144e+02 2.39307205e+02 4.21392609e+02 2.41584366e+02
    4.81217621e+02 2.43617523e+02 5.40985413e+02 2.45288025e+02
    9.84808731e+01 2.86799011e+02 1.66572495e+02 2.88549591e+02
    2.33336655e+02 2.90617859e+02 2.98583130e+02 2.92532410e+02
    3.62639709e+02 2.94288177e+02 4.25949066e+02 2.96087708e+02
    4.88065704e+02 2.98118683e+02 5.50280457e+02 2.99569305e+02
    8.94179153e+01 3.48254669e+02 1.60501266e+02 3.48443024e+02
    2.30339951e+02 3.49690613e+02 2.98448944e+02 3.51376801e+02
    3.65467987e+02 3.52793457e+02 4.31366058e+02 3.54718353e+02
    4.96231506e+02 3.56632843e+02 5.60085571e+02 3.58774353e+02
    2.25258469e+02 2.47590240e+02 2.57506989e+02 2.47051971e+02
    2.90072784e+02 2.46673279e+02 3.22436859e+02 2.46572845e+02
    3.54589508e+02 2.45714203e+02 3.86975006e+02 2.45782730e+02
    4.19317200e+02 2.45948822e+02 4.51507935e+02 2.45786331e+02
    2.23316788e+02 2.76502106e+02 2.56462311e+02 2.76440460e+02
    2.89491791e+02 2.76377502e+02 3.22394928e+02 2.75841705e+02
    3.55394684e+02 2.75554962e+02 3.88406494e+02 2.75053436e+02
    4.21357025e+02 2.74764679e+02 4.54224426e+02 2.74634705e+02
    2.21439713e+02 3.06618439e+02 2.55171494e+02 3.06509003e+02
    2.88587311e+02 3.06295227e+02 3.22396637e+02 3.05769775e+02
    3.56062256e+02 3.05593872e+02 3.89426971e+02 3.05436737e+02
    4.23272827e+02 3.04890686e+02 4.56925690e+02 3.04583191e+02
    2.19176132e+02 3.38274628e+02 2.53658157e+02 3.37597870e+02
    2.87863037e+02 3.37157898e+02 3.22432770e+02 3.37084290e+02
    3.56513031e+02 3.36673004e+02 3.90714752e+02 3.36532379e+02
    4.25253296e+02 3.36360626e+02 4.59620148e+02 3.35658264e+02
    2.16847794e+02 3.70678558e+02 2.52135132e+02 3.70480194e+02
    2.87356964e+02 3.70043915e+02 3.22311859e+02 3.69554199e+02
    3.57400330e+02 3.69186737e+02 3.92409515e+02 3.68776489e+02
    4.27482056e+02 3.68599579e+02 4.62671265e+02 3.68408691e+02
    2.14540329e+02 4.04697693e+02 2.50398010e+02 4.03680847e+02
    2.86407745e+02 4.03388062e+02 3.22286438e+02 4.02907806e+02
    3.58198456e+02 4.02579865e+02 3.93854706e+02 4.02471375e+02
    4.29828033e+02 4.02500244e+02 4.65816620e+02 4.02475342e+02
    3.00896637e+02 2.32429901e+02 3.32553741e+02 2.26134628e+02
    3.64963226e+02 2.19824738e+02 3.98541321e+02 2.13028732e+02
    4.33028259e+02 2.05735092e+02 4.68896881e+02 1.99207993e+02
    5.05859406e+02 1.92370743e+02 5.44111206e+02 1.85025818e+02
    3.00221100e+02 2.62901276e+02 3.32706329e+02 2.57308563e+02
    3.65869354e+02 2.51372498e+02 4.00318939e+02 2.45118301e+02
    4.35482330e+02 2.38598282e+02 4.71766113e+02 2.31629730e+02
    5.09561829e+02 2.24739517e+02 5.48917358e+02 2.17630524e+02
    2.99514221e+02 2.94706879e+02 3.32489594e+02 2.89384491e+02
    3.66480438e+02 2.83451904e+02 4.01557892e+02 2.77660461e+02
    4.37641418e+02 2.71635162e+02 4.74745422e+02 2.65500916e+02
    5.13566589e+02 2.58813446e+02 5.53521301e+02 2.52027039e+02
    2.98603333e+02 3.27676697e+02 3.32380951e+02 3.22360138e+02
    3.66703461e+02 3.17054108e+02 4.02869293e+02 3.11745453e+02
    4.39677826e+02 3.06216736e+02 4.78094910e+02 3.00305695e+02
    5.17511047e+02 2.94277985e+02 5.58479004e+02 2.87638275e+02
    2.97780579e+02 3.62051056e+02 3.32206360e+02 3.57451721e+02
    3.67704254e+02 3.52331909e+02 4.04356506e+02 3.47451233e+02
    4.41938538e+02 3.42000641e+02 4.81127930e+02 3.36507660e+02
    5.21847473e+02 3.31356354e+02 5.63784363e+02 3.25212250e+02
    2.96658691e+02 3.97828278e+02 3.31359314e+02 3.93140259e+02
    3.67467438e+02 3.88592773e+02 4.05216522e+02 3.84188141e+02
    4.44007141e+02 3.79367310e+02 4.84551239e+02 3.74629822e+02
    5.26343628e+02 3.69801483e+02 5.69466309e+02 3.64927948e+02
    1.64962601e+02 2.19574310e+02 2.00999252e+02 2.27516418e+02
    2.35271454e+02 2.35293823e+02 2.67809540e+02 2.42771011e+02
    2.99456604e+02 2.49473175e+02 3.28754974e+02 2.56462189e+02
    3.57212097e+02 2.63048798e+02 3.84304962e+02 2.69577515e+02
    1.62749390e+02 2.53871063e+02 1.99301147e+02 2.61556641e+02
